22
28
15899.0909090909
2
2
22
3
16809.0909090909
2
1
22
9
19391.8181818182
2
3
22
31
18247.2727272727
1
3
30
1
5304.54545454545
1
3
30
31
3394.54545454545
1
2
30
26
26431.8181818182
1
3
5
22
8987.27272727273
1
2
5
8
10025.4545454545
2
2
5
16
10893.6363636364
2
3
5
31
12052.7272727273
2
2
5
3
24613.6363636364
2
2
5
17
7030
2
3
6
26
9245.45454545454
2
2
6
22
9272.72727272727
1
2
6
12
16119.0909090909
2
1
6
23
2648.18181818182
2
3
10
2
20678.1818181818
2
3
10
27
1160
1
3
10
30
2322.72727272727
1
2
10
11
5436.36363636364
1
3
10
5
6280.90909090909
2
1
10
19
23897.2727272727
1
2
19
28
1862.72727272727
1
3
19
2
16532.7272727273
2
1
19
13
2731.81818181818
1
1
19
27
13129.0909090909
1
2
0
0
0
0
0